
=== Report: rfm (limit=15) ===

+---------------+----------------+-------------+------------+-----------+-----------+-----------+-------------------+
|   customer_id |   recency_days |   frequency |   monetary |   r_score |   f_score |   m_score |   rfm_total_score |
|---------------+----------------+-------------+------------+-----------+-----------+-----------+-------------------|
|           395 |            132 |           1 |    1069.10 |         4 |         4 |         4 |                12 |
|           331 |            132 |           1 |     957.12 |         4 |         4 |         4 |                12 |
|           147 |            130 |           1 |     906.08 |         4 |         4 |         4 |                12 |
|           202 |            122 |           1 |    2363.70 |         4 |         4 |         4 |                12 |
|           361 |            122 |           1 |    2220.50 |         4 |         4 |         4 |                12 |
|           310 |            106 |           1 |     931.80 |         4 |         4 |         4 |                12 |
|           456 |             72 |           1 |    1454.00 |         4 |         4 |         4 |                12 |
|           344 |             64 |           1 |     961.89 |         4 |         4 |         4 |                12 |
|             7 |             61 |           1 |    1395.53 |         4 |         4 |         4 |                12 |
|           114 |            325 |           1 |    2228.58 |         3 |         4 |         4 |                11 |
|           460 |            299 |           1 |    2827.78 |         3 |         4 |         4 |                11 |
|           433 |            294 |           1 |    1171.17 |         3 |         4 |         4 |                11 |
|            96 |            282 |           1 |    2005.73 |         3 |         4 |         4 |                11 |
|           219 |            272 |           1 |    2587.65 |         3 |         4 |         4 |                11 |
|           474 |            234 |           1 |    2471.85 |         3 |         4 |         4 |                11 |
+---------------+----------------+-------------+------------+-----------+-----------+-----------+-------------------+
